1 1 1 2 1 74.7
1 1 1 2 2 58.0
1 1 1 1 1 73.6
1 1 1 1 2 69.0
1 1 2 2 1 67.1
1 1 2 2 2 76.6
1 1 2 1 1 73.2
1 1 2 1 2 71.8
2 1 2 2 1 70.8
2 1 2 2 2 71.3
2 1 2 1 1 73.0
2 1 2 1 2 73.2
2 1 1 2 1 76.1
2 1 1 2 2 74.0
2 1 1 1 1 73.1
2 1 1 1 2 74.0
1 2 1 2 1 82.6
1 2 1 2 2 77.5
1 2 1 1 1 82.7
1 2 1 1 2 75.9
1 2 2 2 1 81.6
1 2 2 2 2 79.7
1 2 2 1 1 80.1
1 2 2 1 2 78.6
2 2 2 2 1 75.9
2 2 2 2 2 77.7
2 2 2 1 1 79.9
2 2 2 1 2 79.6
2 2 1 2 1 77.2
2 2 1 2 2 75.6
2 2 1 1 1 80.1
2 2 1 1 2 76.1
